0   -29.5   -29.5   -1128.8
1   29.5    -29.5   -1128.8
2   -29.5   29.5    -1128.8
3   29.5    29.5    -1128.8
4   -29.5   -29.5   -1070.8
5   29.5    -29.5   -1070.8
6   -29.5   29.5    -1070.8
7   29.5    29.5    -1070.8
8   -29.5   -29.5   -1012.8
9   29.5    -29.5   -1012.8
10  -29.5   29.5    -1012.8
11  29.5    29.5    -1012.8
12  -29.5   -29.5   -954.8
13  29.5    -29.5   -954.8
14  -29.5   29.5    -954.8
15  29.5    29.5    -954.8
16  -29.5   -29.5   -896.8
17  29.5    -29.5   -896.8
18  -29.5   29.5    -896.8
19  29.5    29.5    -896.8
20  -29.5   -29.5   -838.8
21  29.5    -29.5   -838.8
22  -29.5   29.5    -838.8
23  29.5    29.5    -838.8
24  -29.5   -29.5   -780.8
25  29.5    -29.5   -780.8
26  -29.5   29.5    -780.8
27  29.5    29.5    -780.8
28  -29.5   -29.5   -722.8
29  29.5    -29.5   -722.8
30  -29.5   29.5    -722.8
31  29.5    29.5    -722.8
32  -29.5   -29.5   -664.8
33  29.5    -29.5   -664.8
34  -29.5   29.5    -664.8
35  29.5    29.5    -664.8
36  -29.5   -29.5   -606.8
37  29.5    -29.5   -606.8
38  -29.5   29.5    -606.8
39  29.5    29.5    -606.8
40  -29.5   -29.5   -548.8
41  29.5    -29.5   -548.8
42  -29.5   29.5    -548.8
43  29.5    29.5    -548.8
44  -29.5   -29.5   -490.8
45  29.5    -29.5   -490.8
46  -29.5   29.5    -490.8
47  29.5    29.5    -490.8
48  -29.5   -29.5   -432.8
49  29.5    -29.5   -432.8
50  -29.5   29.5    -432.8
51  29.5    29.5    -432.8
52  117.5   -29.5   -1128.8
53  176.5   -29.5   -1128.8
54  117.5   29.5    -1128.8
55  176.5   29.5    -1128.8
56  117.5   -29.5   -1070.8
57  176.5   -29.5   -1070.8
58  117.5   29.5    -1070.8
59  176.5   29.5    -1070.8
60  117.5   -29.5   -1012.8
61  176.5   -29.5   -1012.8
62  117.5   29.5    -1012.8
63  176.5   29.5    -1012.8
64  117.5   -29.5   -954.8
65  176.5   -29.5   -954.8
66  117.5   29.5    -954.8
67  176.5   29.5    -954.8
68  117.5   -29.5   -896.8
69  176.5   -29.5   -896.8
70  117.5   29.5    -896.8
71  176.5   29.5    -896.8
72  117.5   -29.5   -838.8
73  176.5   -29.5   -838.8
74  117.5   29.5    -838.8
75  176.5   29.5    -838.8
76  117.5   -29.5   -780.8
77  176.5   -29.5   -780.8
78  117.5   29.5    -780.8
79  176.5   29.5    -780.8
80  117.5   -29.5   -722.8
81  176.5   -29.5   -722.8
82  117.5   29.5    -722.8
83  176.5   29.5    -722.8
84  117.5   -29.5   -664.8
85  176.5   -29.5   -664.8
86  117.5   29.5    -664.8
87  176.5   29.5    -664.8
88  117.5   -29.5   -606.8
89  176.5   -29.5   -606.8
90  117.5   29.5    -606.8
91  176.5   29.5    -606.8
92  117.5   -29.5   -548.8
93  176.5   -29.5   -548.8
94  117.5   29.5    -548.8
95  176.5   29.5    -548.8
96  117.5   -29.5   -490.8
97  176.5   -29.5   -490.8
98  117.5   29.5    -490.8
99  176.5   29.5    -490.8
100 117.5   -29.5   -432.8
101 176.5   -29.5   -432.8
102 117.5   29.5    -432.8
103 176.5   29.5    -432.8
104 -176.5  -29.5   -1128.8
105 -117.5  -29.5   -1128.8
106 -176.5  29.5    -1128.8
107 -117.5  29.5    -1128.8
108 -176.5  -29.5   -1070.8
109 -117.5  -29.5   -1070.8
110 -176.5  29.5    -1070.8
111 -117.5  29.5    -1070.8
112 -176.5  -29.5   -1012.8
113 -117.5  -29.5   -1012.8
114 -176.5  29.5    -1012.8
115 -117.5  29.5    -1012.8
116 -176.5  -29.5   -954.8
117 -117.5  -29.5   -954.8
118 -176.5  29.5    -954.8
119 -117.5  29.5    -954.8
120 -176.5  -29.5   -896.8
121 -117.5  -29.5   -896.8
122 -176.5  29.5    -896.8
123 -117.5  29.5    -896.8
124 -176.5  -29.5   -838.8
125 -117.5  -29.5   -838.8
126 -176.5  29.5    -838.8
127 -117.5  29.5    -838.8
128 -176.5  -29.5   -780.8
129 -117.5  -29.5   -780.8
130 -176.5  29.5    -780.8
131 -117.5  29.5    -780.8
132 -176.5  -29.5   -722.8
133 -117.5  -29.5   -722.8
134 -176.5  29.5    -722.8
135 -117.5  29.5    -722.8
136 -176.5  -29.5   -664.8
137 -117.5  -29.5   -664.8
138 -176.5  29.5    -664.8
139 -117.5  29.5    -664.8
140 -176.5  -29.5   -606.8
141 -117.5  -29.5   -606.8
142 -176.5  29.5    -606.8
143 -117.5  29.5    -606.8
144 -176.5  -29.5   -548.8
145 -117.5  -29.5   -548.8
146 -176.5  29.5    -548.8
147 -117.5  29.5    -548.8
148 -176.5  -29.5   -490.8
149 -117.5  -29.5   -490.8
150 -176.5  29.5    -490.8
151 -117.5  29.5    -490.8
152 -176.5  -29.5   -432.8
153 -117.5  -29.5   -432.8
154 -176.5  29.5    -432.8
155 -117.5  29.5    -432.8
156 264.5   -29.5   -1128.8
157 323.5   -29.5   -1128.8
158 264.5   29.5    -1128.8
159 323.5   29.5    -1128.8
160 264.5   -29.5   -1070.8
161 323.5   -29.5   -1070.8
162 264.5   29.5    -1070.8
163 323.5   29.5    -1070.8
164 264.5   -29.5   -1012.8
165 323.5   -29.5   -1012.8
166 264.5   29.5    -1012.8
167 323.5   29.5    -1012.8
168 264.5   -29.5   -954.8
169 323.5   -29.5   -954.8
170 264.5   29.5    -954.8
171 323.5   29.5    -954.8
172 264.5   -29.5   -896.8
173 323.5   -29.5   -896.8
174 264.5   29.5    -896.8
175 323.5   29.5    -896.8
176 264.5   -29.5   -838.8
177 323.5   -29.5   -838.8
178 264.5   29.5    -838.8
179 323.5   29.5    -838.8
180 264.5   -29.5   -780.8
181 323.5   -29.5   -780.8
182 264.5   29.5    -780.8
183 323.5   29.5    -780.8
184 264.5   -29.5   -722.8
185 323.5   -29.5   -722.8
186 264.5   29.5    -722.8
187 323.5   29.5    -722.8
188 264.5   -29.5   -664.8
189 323.5   -29.5   -664.8
190 264.5   29.5    -664.8
191 323.5   29.5    -664.8
192 264.5   -29.5   -606.8
193 323.5   -29.5   -606.8
194 264.5   29.5    -606.8
195 323.5   29.5    -606.8
196 264.5   -29.5   -548.8
197 323.5   -29.5   -548.8
198 264.5   29.5    -548.8
199 323.5   29.5    -548.8
200 264.5   -29.5   -490.8
201 323.5   -29.5   -490.8
202 264.5   29.5    -490.8
203 323.5   29.5    -490.8
204 264.5   -29.5   -432.8
205 323.5   -29.5   -432.8
206 264.5   29.5    -432.8
207 323.5   29.5    -432.8
208 -323.5  -29.5   -1128.8
209 -264.5  -29.5   -1128.8
210 -323.5  29.5    -1128.8
211 -264.5  29.5    -1128.8
212 -323.5  -29.5   -1070.8
213 -264.5  -29.5   -1070.8
214 -323.5  29.5    -1070.8
215 -264.5  29.5    -1070.8
216 -323.5  -29.5   -1012.8
217 -264.5  -29.5   -1012.8
218 -323.5  29.5    -1012.8
219 -264.5  29.5    -1012.8
220 -323.5  -29.5   -954.8
221 -264.5  -29.5   -954.8
222 -323.5  29.5    -954.8
223 -264.5  29.5    -954.8
224 -323.5  -29.5   -896.8
225 -264.5  -29.5   -896.8
226 -323.5  29.5    -896.8
227 -264.5  29.5    -896.8
228 -323.5  -29.5   -838.8
229 -264.5  -29.5   -838.8
230 -323.5  29.5    -838.8
231 -264.5  29.5    -838.8
232 -323.5  -29.5   -780.8
233 -264.5  -29.5   -780.8
234 -323.5  29.5    -780.8
235 -264.5  29.5    -780.8
236 -323.5  -29.5   -722.8
237 -264.5  -29.5   -722.8
238 -323.5  29.5    -722.8
239 -264.5  29.5    -722.8
240 -323.5  -29.5   -664.8
241 -264.5  -29.5   -664.8
242 -323.5  29.5    -664.8
243 -264.5  29.5    -664.8
244 -323.5  -29.5   -606.8
245 -264.5  -29.5   -606.8
246 -323.5  29.5    -606.8
247 -264.5  29.5    -606.8
248 -323.5  -29.5   -548.8
249 -264.5  -29.5   -548.8
250 -323.5  29.5    -548.8
251 -264.5  29.5    -548.8
252 -323.5  -29.5   -490.8
253 -264.5  -29.5   -490.8
254 -323.5  29.5    -490.8
255 -264.5  29.5    -490.8
256 -323.5  -29.5   -432.8
257 -264.5  -29.5   -432.8
258 -323.5  29.5    -432.8
259 -264.5  29.5    -432.8
260 44  117.5   -1128.8
261 103 117.5   -1128.8
262 44  176.5   -1128.8
263 103 176.5   -1128.8
264 44  117.5   -1070.8
265 103 117.5   -1070.8
266 44  176.5   -1070.8
267 103 176.5   -1070.8
268 44  117.5   -1012.8
269 103 117.5   -1012.8
270 44  176.5   -1012.8
271 103 176.5   -1012.8
272 44  117.5   -954.8
273 103 117.5   -954.8
274 44  176.5   -954.8
275 103 176.5   -954.8
276 44  117.5   -896.8
277 103 117.5   -896.8
278 44  176.5   -896.8
279 103 176.5   -896.8
280 44  117.5   -838.8
281 103 117.5   -838.8
282 44  176.5   -838.8
283 103 176.5   -838.8
284 44  117.5   -780.8
285 103 117.5   -780.8
286 44  176.5   -780.8
287 103 176.5   -780.8
288 44  117.5   -722.8
289 103 117.5   -722.8
290 44  176.5   -722.8
291 103 176.5   -722.8
292 44  117.5   -664.8
293 103 117.5   -664.8
294 44  176.5   -664.8
295 103 176.5   -664.8
296 44  117.5   -606.8
297 103 117.5   -606.8
298 44  176.5   -606.8
299 103 176.5   -606.8
300 44  117.5   -548.8
301 103 117.5   -548.8
302 44  176.5   -548.8
303 103 176.5   -548.8
304 44  117.5   -490.8
305 103 117.5   -490.8
306 44  176.5   -490.8
307 103 176.5   -490.8
308 44  117.5   -432.8
309 103 117.5   -432.8
310 44  176.5   -432.8
311 103 176.5   -432.8
312 -103    117.5   -1128.8
313 -44 117.5   -1128.8
314 -103    176.5   -1128.8
315 -44 176.5   -1128.8
316 -103    117.5   -1070.8
317 -44 117.5   -1070.8
318 -103    176.5   -1070.8
319 -44 176.5   -1070.8
320 -103    117.5   -1012.8
321 -44 117.5   -1012.8
322 -103    176.5   -1012.8
323 -44 176.5   -1012.8
324 -103    117.5   -954.8
325 -44 117.5   -954.8
326 -103    176.5   -954.8
327 -44 176.5   -954.8
328 -103    117.5   -896.8
329 -44 117.5   -896.8
330 -103    176.5   -896.8
331 -44 176.5   -896.8
332 -103    117.5   -838.8
333 -44 117.5   -838.8
334 -103    176.5   -838.8
335 -44 176.5   -838.8
336 -103    117.5   -780.8
337 -44 117.5   -780.8
338 -103    176.5   -780.8
339 -44 176.5   -780.8
340 -103    117.5   -722.8
341 -44 117.5   -722.8
342 -103    176.5   -722.8
343 -44 176.5   -722.8
344 -103    117.5   -664.8
345 -44 117.5   -664.8
346 -103    176.5   -664.8
347 -44 176.5   -664.8
348 -103    117.5   -606.8
349 -44 117.5   -606.8
350 -103    176.5   -606.8
351 -44 176.5   -606.8
352 -103    117.5   -548.8
353 -44 117.5   -548.8
354 -103    176.5   -548.8
355 -44 176.5   -548.8
356 -103    117.5   -490.8
357 -44 117.5   -490.8
358 -103    176.5   -490.8
359 -44 176.5   -490.8
360 -103    117.5   -432.8
361 -44 117.5   -432.8
362 -103    176.5   -432.8
363 -44 176.5   -432.8
364 191 117.5   -1128.8
365 250 117.5   -1128.8
366 191 176.5   -1128.8
367 250 176.5   -1128.8
368 191 117.5   -1070.8
369 250 117.5   -1070.8
370 191 176.5   -1070.8
371 250 176.5   -1070.8
372 191 117.5   -1012.8
373 250 117.5   -1012.8
374 191 176.5   -1012.8
375 250 176.5   -1012.8
376 191 117.5   -954.8
377 250 117.5   -954.8
378 191 176.5   -954.8
379 250 176.5   -954.8
380 191 117.5   -896.8
381 250 117.5   -896.8
382 191 176.5   -896.8
383 250 176.5   -896.8
384 191 117.5   -838.8
385 250 117.5   -838.8
386 191 176.5   -838.8
387 250 176.5   -838.8
388 191 117.5   -780.8
389 250 117.5   -780.8
390 191 176.5   -780.8
391 250 176.5   -780.8
392 191 117.5   -722.8
393 250 117.5   -722.8
394 191 176.5   -722.8
395 250 176.5   -722.8
396 191 117.5   -664.8
397 250 117.5   -664.8
398 191 176.5   -664.8
399 250 176.5   -664.8
400 191 117.5   -606.8
401 250 117.5   -606.8
402 191 176.5   -606.8
403 250 176.5   -606.8
404 191 117.5   -548.8
405 250 117.5   -548.8
406 191 176.5   -548.8
407 250 176.5   -548.8
408 191 117.5   -490.8
409 250 117.5   -490.8
410 191 176.5   -490.8
411 250 176.5   -490.8
412 191 117.5   -432.8
413 250 117.5   -432.8
414 191 176.5   -432.8
415 250 176.5   -432.8
416 -250    117.5   -1128.8
417 -191    117.5   -1128.8
418 -250    176.5   -1128.8
419 -191    176.5   -1128.8
420 -250    117.5   -1070.8
421 -191    117.5   -1070.8
422 -250    176.5   -1070.8
423 -191    176.5   -1070.8
424 -250    117.5   -1012.8
425 -191    117.5   -1012.8
426 -250    176.5   -1012.8
427 -191    176.5   -1012.8
428 -250    117.5   -954.8
429 -191    117.5   -954.8
430 -250    176.5   -954.8
431 -191    176.5   -954.8
432 -250    117.5   -896.8
433 -191    117.5   -896.8
434 -250    176.5   -896.8
435 -191    176.5   -896.8
436 -250    117.5   -838.8
437 -191    117.5   -838.8
438 -250    176.5   -838.8
439 -191    176.5   -838.8
440 -250    117.5   -780.8
441 -191    117.5   -780.8
442 -250    176.5   -780.8
443 -191    176.5   -780.8
444 -250    117.5   -722.8
445 -191    117.5   -722.8
446 -250    176.5   -722.8
447 -191    176.5   -722.8
448 -250    117.5   -664.8
449 -191    117.5   -664.8
450 -250    176.5   -664.8
451 -191    176.5   -664.8
452 -250    117.5   -606.8
453 -191    117.5   -606.8
454 -250    176.5   -606.8
455 -191    176.5   -606.8
456 -250    117.5   -548.8
457 -191    117.5   -548.8
458 -250    176.5   -548.8
459 -191    176.5   -548.8
460 -250    117.5   -490.8
461 -191    117.5   -490.8
462 -250    176.5   -490.8
463 -191    176.5   -490.8
464 -250    117.5   -432.8
465 -191    117.5   -432.8
466 -250    176.5   -432.8
467 -191    176.5   -432.8
468 44  -176.5  -1128.8
469 103 -176.5  -1128.8
470 44  -117.5  -1128.8
471 103 -117.5  -1128.8
472 44  -176.5  -1070.8
473 103 -176.5  -1070.8
474 44  -117.5  -1070.8
475 103 -117.5  -1070.8
476 44  -176.5  -1012.8
477 103 -176.5  -1012.8
478 44  -117.5  -1012.8
479 103 -117.5  -1012.8
480 44  -176.5  -954.8
481 103 -176.5  -954.8
482 44  -117.5  -954.8
483 103 -117.5  -954.8
484 44  -176.5  -896.8
485 103 -176.5  -896.8
486 44  -117.5  -896.8
487 103 -117.5  -896.8
488 44  -176.5  -838.8
489 103 -176.5  -838.8
490 44  -117.5  -838.8
491 103 -117.5  -838.8
492 44  -176.5  -780.8
493 103 -176.5  -780.8
494 44  -117.5  -780.8
495 103 -117.5  -780.8
496 44  -176.5  -722.8
497 103 -176.5  -722.8
498 44  -117.5  -722.8
499 103 -117.5  -722.8
500 44  -176.5  -664.8
501 103 -176.5  -664.8
502 44  -117.5  -664.8
503 103 -117.5  -664.8
504 44  -176.5  -606.8
505 103 -176.5  -606.8
506 44  -117.5  -606.8
507 103 -117.5  -606.8
508 44  -176.5  -548.8
509 103 -176.5  -548.8
510 44  -117.5  -548.8
511 103 -117.5  -548.8
512 44  -176.5  -490.8
513 103 -176.5  -490.8
514 44  -117.5  -490.8
515 103 -117.5  -490.8
516 44  -176.5  -432.8
517 103 -176.5  -432.8
518 44  -117.5  -432.8
519 103 -117.5  -432.8
520 -103    -176.5  -1128.8
521 -44 -176.5  -1128.8
522 -103    -117.5  -1128.8
523 -44 -117.5  -1128.8
524 -103    -176.5  -1070.8
525 -44 -176.5  -1070.8
526 -103    -117.5  -1070.8
527 -44 -117.5  -1070.8
528 -103    -176.5  -1012.8
529 -44 -176.5  -1012.8
530 -103    -117.5  -1012.8
531 -44 -117.5  -1012.8
532 -103    -176.5  -954.8
533 -44 -176.5  -954.8
534 -103    -117.5  -954.8
535 -44 -117.5  -954.8
536 -103    -176.5  -896.8
537 -44 -176.5  -896.8
538 -103    -117.5  -896.8
539 -44 -117.5  -896.8
540 -103    -176.5  -838.8
541 -44 -176.5  -838.8
542 -103    -117.5  -838.8
543 -44 -117.5  -838.8
544 -103    -176.5  -780.8
545 -44 -176.5  -780.8
546 -103    -117.5  -780.8
547 -44 -117.5  -780.8
548 -103    -176.5  -722.8
549 -44 -176.5  -722.8
550 -103    -117.5  -722.8
551 -44 -117.5  -722.8
552 -103    -176.5  -664.8
553 -44 -176.5  -664.8
554 -103    -117.5  -664.8
555 -44 -117.5  -664.8
556 -103    -176.5  -606.8
557 -44 -176.5  -606.8
558 -103    -117.5  -606.8
559 -44 -117.5  -606.8
560 -103    -176.5  -548.8
561 -44 -176.5  -548.8
562 -103    -117.5  -548.8
563 -44 -117.5  -548.8
564 -103    -176.5  -490.8
565 -44 -176.5  -490.8
566 -103    -117.5  -490.8
567 -44 -117.5  -490.8
568 -103    -176.5  -432.8
569 -44 -176.5  -432.8
570 -103    -117.5  -432.8
571 -44 -117.5  -432.8
572 191 -176.5  -1128.8
573 250 -176.5  -1128.8
574 191 -117.5  -1128.8
575 250 -117.5  -1128.8
576 191 -176.5  -1070.8
577 250 -176.5  -1070.8
578 191 -117.5  -1070.8
579 250 -117.5  -1070.8
580 191 -176.5  -1012.8
581 250 -176.5  -1012.8
582 191 -117.5  -1012.8
583 250 -117.5  -1012.8
584 191 -176.5  -954.8
585 250 -176.5  -954.8
586 191 -117.5  -954.8
587 250 -117.5  -954.8
588 191 -176.5  -896.8
589 250 -176.5  -896.8
590 191 -117.5  -896.8
591 250 -117.5  -896.8
592 191 -176.5  -838.8
593 250 -176.5  -838.8
594 191 -117.5  -838.8
595 250 -117.5  -838.8
596 191 -176.5  -780.8
597 250 -176.5  -780.8
598 191 -117.5  -780.8
599 250 -117.5  -780.8
600 191 -176.5  -722.8
601 250 -176.5  -722.8
602 191 -117.5  -722.8
603 250 -117.5  -722.8
604 191 -176.5  -664.8
605 250 -176.5  -664.8
606 191 -117.5  -664.8
607 250 -117.5  -664.8
608 191 -176.5  -606.8
609 250 -176.5  -606.8
610 191 -117.5  -606.8
611 250 -117.5  -606.8
612 191 -176.5  -548.8
613 250 -176.5  -548.8
614 191 -117.5  -548.8
615 250 -117.5  -548.8
616 191 -176.5  -490.8
617 250 -176.5  -490.8
618 191 -117.5  -490.8
619 250 -117.5  -490.8
620 191 -176.5  -432.8
621 250 -176.5  -432.8
622 191 -117.5  -432.8
623 250 -117.5  -432.8
624 -250    -176.5  -1128.8
625 -191    -176.5  -1128.8
626 -250    -117.5  -1128.8
627 -191    -117.5  -1128.8
628 -250    -176.5  -1070.8
629 -191    -176.5  -1070.8
630 -250    -117.5  -1070.8
631 -191    -117.5  -1070.8
632 -250    -176.5  -1012.8
633 -191    -176.5  -1012.8
634 -250    -117.5  -1012.8
635 -191    -117.5  -1012.8
636 -250    -176.5  -954.8
637 -191    -176.5  -954.8
638 -250    -117.5  -954.8
639 -191    -117.5  -954.8
640 -250    -176.5  -896.8
641 -191    -176.5  -896.8
642 -250    -117.5  -896.8
643 -191    -117.5  -896.8
644 -250    -176.5  -838.8
645 -191    -176.5  -838.8
646 -250    -117.5  -838.8
647 -191    -117.5  -838.8
648 -250    -176.5  -780.8
649 -191    -176.5  -780.8
650 -250    -117.5  -780.8
651 -191    -117.5  -780.8
652 -250    -176.5  -722.8
653 -191    -176.5  -722.8
654 -250    -117.5  -722.8
655 -191    -117.5  -722.8
656 -250    -176.5  -664.8
657 -191    -176.5  -664.8
658 -250    -117.5  -664.8
659 -191    -117.5  -664.8
660 -250    -176.5  -606.8
661 -191    -176.5  -606.8
662 -250    -117.5  -606.8
663 -191    -117.5  -606.8
664 -250    -176.5  -548.8
665 -191    -176.5  -548.8
666 -250    -117.5  -548.8
667 -191    -117.5  -548.8
668 -250    -176.5  -490.8
669 -191    -176.5  -490.8
670 -250    -117.5  -490.8
671 -191    -117.5  -490.8
672 -250    -176.5  -432.8
673 -191    -176.5  -432.8
674 -250    -117.5  -432.8
675 -191    -117.5  -432.8
676 -29.5   264.5   -1128.8
677 29.5    264.5   -1128.8
678 -29.5   323.5   -1128.8
679 29.5    323.5   -1128.8
680 -29.5   264.5   -1070.8
681 29.5    264.5   -1070.8
682 -29.5   323.5   -1070.8
683 29.5    323.5   -1070.8
684 -29.5   264.5   -1012.8
685 29.5    264.5   -1012.8
686 -29.5   323.5   -1012.8
687 29.5    323.5   -1012.8
688 -29.5   264.5   -954.8
689 29.5    264.5   -954.8
690 -29.5   323.5   -954.8
691 29.5    323.5   -954.8
692 -29.5   264.5   -896.8
693 29.5    264.5   -896.8
694 -29.5   323.5   -896.8
695 29.5    323.5   -896.8
696 -29.5   264.5   -838.8
697 29.5    264.5   -838.8
698 -29.5   323.5   -838.8
699 29.5    323.5   -838.8
700 -29.5   264.5   -780.8
701 29.5    264.5   -780.8
702 -29.5   323.5   -780.8
703 29.5    323.5   -780.8
704 -29.5   264.5   -722.8
705 29.5    264.5   -722.8
706 -29.5   323.5   -722.8
707 29.5    323.5   -722.8
708 -29.5   264.5   -664.8
709 29.5    264.5   -664.8
710 -29.5   323.5   -664.8
711 29.5    323.5   -664.8
712 -29.5   264.5   -606.8
713 29.5    264.5   -606.8
714 -29.5   323.5   -606.8
715 29.5    323.5   -606.8
716 -29.5   264.5   -548.8
717 29.5    264.5   -548.8
718 -29.5   323.5   -548.8
719 29.5    323.5   -548.8
720 -29.5   264.5   -490.8
721 29.5    264.5   -490.8
722 -29.5   323.5   -490.8
723 29.5    323.5   -490.8
724 -29.5   264.5   -432.8
725 29.5    264.5   -432.8
726 -29.5   323.5   -432.8
727 29.5    323.5   -432.8
728 117.5   264.5   -1128.8
729 176.5   264.5   -1128.8
730 117.5   323.5   -1128.8
731 176.5   323.5   -1128.8
732 117.5   264.5   -1070.8
733 176.5   264.5   -1070.8
734 117.5   323.5   -1070.8
735 176.5   323.5   -1070.8
736 117.5   264.5   -1012.8
737 176.5   264.5   -1012.8
738 117.5   323.5   -1012.8
739 176.5   323.5   -1012.8
740 117.5   264.5   -954.8
741 176.5   264.5   -954.8
742 117.5   323.5   -954.8
743 176.5   323.5   -954.8
744 117.5   264.5   -896.8
745 176.5   264.5   -896.8
746 117.5   323.5   -896.8
747 176.5   323.5   -896.8
748 117.5   264.5   -838.8
749 176.5   264.5   -838.8
750 117.5   323.5   -838.8
751 176.5   323.5   -838.8
752 117.5   264.5   -780.8
753 176.5   264.5   -780.8
754 117.5   323.5   -780.8
755 176.5   323.5   -780.8
756 117.5   264.5   -722.8
757 176.5   264.5   -722.8
758 117.5   323.5   -722.8
759 176.5   323.5   -722.8
760 117.5   264.5   -664.8
761 176.5   264.5   -664.8
762 117.5   323.5   -664.8
763 176.5   323.5   -664.8
764 117.5   264.5   -606.8
765 176.5   264.5   -606.8
766 117.5   323.5   -606.8
767 176.5   323.5   -606.8
768 117.5   264.5   -548.8
769 176.5   264.5   -548.8
770 117.5   323.5   -548.8
771 176.5   323.5   -548.8
772 117.5   264.5   -490.8
773 176.5   264.5   -490.8
774 117.5   323.5   -490.8
775 176.5   323.5   -490.8
776 117.5   264.5   -432.8
777 176.5   264.5   -432.8
778 117.5   323.5   -432.8
779 176.5   323.5   -432.8
780 -176.5  264.5   -1128.8
781 -117.5  264.5   -1128.8
782 -176.5  323.5   -1128.8
783 -117.5  323.5   -1128.8
784 -176.5  264.5   -1070.8
785 -117.5  264.5   -1070.8
786 -176.5  323.5   -1070.8
787 -117.5  323.5   -1070.8
788 -176.5  264.5   -1012.8
789 -117.5  264.5   -1012.8
790 -176.5  323.5   -1012.8
791 -117.5  323.5   -1012.8
792 -176.5  264.5   -954.8
793 -117.5  264.5   -954.8
794 -176.5  323.5   -954.8
795 -117.5  323.5   -954.8
796 -176.5  264.5   -896.8
797 -117.5  264.5   -896.8
798 -176.5  323.5   -896.8
799 -117.5  323.5   -896.8
800 -176.5  264.5   -838.8
801 -117.5  264.5   -838.8
802 -176.5  323.5   -838.8
803 -117.5  323.5   -838.8
804 -176.5  264.5   -780.8
805 -117.5  264.5   -780.8
806 -176.5  323.5   -780.8
807 -117.5  323.5   -780.8
808 -176.5  264.5   -722.8
809 -117.5  264.5   -722.8
810 -176.5  323.5   -722.8
811 -117.5  323.5   -722.8
812 -176.5  264.5   -664.8
813 -117.5  264.5   -664.8
814 -176.5  323.5   -664.8
815 -117.5  323.5   -664.8
816 -176.5  264.5   -606.8
817 -117.5  264.5   -606.8
818 -176.5  323.5   -606.8
819 -117.5  323.5   -606.8
820 -176.5  264.5   -548.8
821 -117.5  264.5   -548.8
822 -176.5  323.5   -548.8
823 -117.5  323.5   -548.8
824 -176.5  264.5   -490.8
825 -117.5  264.5   -490.8
826 -176.5  323.5   -490.8
827 -117.5  323.5   -490.8
828 -176.5  264.5   -432.8
829 -117.5  264.5   -432.8
830 -176.5  323.5   -432.8
831 -117.5  323.5   -432.8
832 -29.5   -323.5  -1128.8
833 29.5    -323.5  -1128.8
834 -29.5   -264.5  -1128.8
835 29.5    -264.5  -1128.8
836 -29.5   -323.5  -1070.8
837 29.5    -323.5  -1070.8
838 -29.5   -264.5  -1070.8
839 29.5    -264.5  -1070.8
840 -29.5   -323.5  -1012.8
841 29.5    -323.5  -1012.8
842 -29.5   -264.5  -1012.8
843 29.5    -264.5  -1012.8
844 -29.5   -323.5  -954.8
845 29.5    -323.5  -954.8
846 -29.5   -264.5  -954.8
847 29.5    -264.5  -954.8
848 -29.5   -323.5  -896.8
849 29.5    -323.5  -896.8
850 -29.5   -264.5  -896.8
851 29.5    -264.5  -896.8
852 -29.5   -323.5  -838.8
853 29.5    -323.5  -838.8
854 -29.5   -264.5  -838.8
855 29.5    -264.5  -838.8
856 -29.5   -323.5  -780.8
857 29.5    -323.5  -780.8
858 -29.5   -264.5  -780.8
859 29.5    -264.5  -780.8
860 -29.5   -323.5  -722.8
861 29.5    -323.5  -722.8
862 -29.5   -264.5  -722.8
863 29.5    -264.5  -722.8
864 -29.5   -323.5  -664.8
865 29.5    -323.5  -664.8
866 -29.5   -264.5  -664.8
867 29.5    -264.5  -664.8
868 -29.5   -323.5  -606.8
869 29.5    -323.5  -606.8
870 -29.5   -264.5  -606.8
871 29.5    -264.5  -606.8
872 -29.5   -323.5  -548.8
873 29.5    -323.5  -548.8
874 -29.5   -264.5  -548.8
875 29.5    -264.5  -548.8
876 -29.5   -323.5  -490.8
877 29.5    -323.5  -490.8
878 -29.5   -264.5  -490.8
879 29.5    -264.5  -490.8
880 -29.5   -323.5  -432.8
881 29.5    -323.5  -432.8
882 -29.5   -264.5  -432.8
883 29.5    -264.5  -432.8
884 117.5   -323.5  -1128.8
885 176.5   -323.5  -1128.8
886 117.5   -264.5  -1128.8
887 176.5   -264.5  -1128.8
888 117.5   -323.5  -1070.8
889 176.5   -323.5  -1070.8
890 117.5   -264.5  -1070.8
891 176.5   -264.5  -1070.8
892 117.5   -323.5  -1012.8
893 176.5   -323.5  -1012.8
894 117.5   -264.5  -1012.8
895 176.5   -264.5  -1012.8
896 117.5   -323.5  -954.8
897 176.5   -323.5  -954.8
898 117.5   -264.5  -954.8
899 176.5   -264.5  -954.8
900 117.5   -323.5  -896.8
901 176.5   -323.5  -896.8
902 117.5   -264.5  -896.8
903 176.5   -264.5  -896.8
904 117.5   -323.5  -838.8
905 176.5   -323.5  -838.8
906 117.5   -264.5  -838.8
907 176.5   -264.5  -838.8
908 117.5   -323.5  -780.8
909 176.5   -323.5  -780.8
910 117.5   -264.5  -780.8
911 176.5   -264.5  -780.8
912 117.5   -323.5  -722.8
913 176.5   -323.5  -722.8
914 117.5   -264.5  -722.8
915 176.5   -264.5  -722.8
916 117.5   -323.5  -664.8
917 176.5   -323.5  -664.8
918 117.5   -264.5  -664.8
919 176.5   -264.5  -664.8
920 117.5   -323.5  -606.8
921 176.5   -323.5  -606.8
922 117.5   -264.5  -606.8
923 176.5   -264.5  -606.8
924 117.5   -323.5  -548.8
925 176.5   -323.5  -548.8
926 117.5   -264.5  -548.8
927 176.5   -264.5  -548.8
928 117.5   -323.5  -490.8
929 176.5   -323.5  -490.8
930 117.5   -264.5  -490.8
931 176.5   -264.5  -490.8
932 117.5   -323.5  -432.8
933 176.5   -323.5  -432.8
934 117.5   -264.5  -432.8
935 176.5   -264.5  -432.8
936 -176.5  -323.5  -1128.8
937 -117.5  -323.5  -1128.8
938 -176.5  -264.5  -1128.8
939 -117.5  -264.5  -1128.8
940 -176.5  -323.5  -1070.8
941 -117.5  -323.5  -1070.8
942 -176.5  -264.5  -1070.8
943 -117.5  -264.5  -1070.8
944 -176.5  -323.5  -1012.8
945 -117.5  -323.5  -1012.8
946 -176.5  -264.5  -1012.8
947 -117.5  -264.5  -1012.8
948 -176.5  -323.5  -954.8
949 -117.5  -323.5  -954.8
950 -176.5  -264.5  -954.8
951 -117.5  -264.5  -954.8
952 -176.5  -323.5  -896.8
953 -117.5  -323.5  -896.8
954 -176.5  -264.5  -896.8
955 -117.5  -264.5  -896.8
956 -176.5  -323.5  -838.8
957 -117.5  -323.5  -838.8
958 -176.5  -264.5  -838.8
959 -117.5  -264.5  -838.8
960 -176.5  -323.5  -780.8
961 -117.5  -323.5  -780.8
962 -176.5  -264.5  -780.8
963 -117.5  -264.5  -780.8
964 -176.5  -323.5  -722.8
965 -117.5  -323.5  -722.8
966 -176.5  -264.5  -722.8
967 -117.5  -264.5  -722.8
968 -176.5  -323.5  -664.8
969 -117.5  -323.5  -664.8
970 -176.5  -264.5  -664.8
971 -117.5  -264.5  -664.8
972 -176.5  -323.5  -606.8
973 -117.5  -323.5  -606.8
974 -176.5  -264.5  -606.8
975 -117.5  -264.5  -606.8
976 -176.5  -323.5  -548.8
977 -117.5  -323.5  -548.8
978 -176.5  -264.5  -548.8
979 -117.5  -264.5  -548.8
980 -176.5  -323.5  -490.8
981 -117.5  -323.5  -490.8
982 -176.5  -264.5  -490.8
983 -117.5  -264.5  -490.8
984 -176.5  -323.5  -432.8
985 -117.5  -323.5  -432.8
986 -176.5  -264.5  -432.8
987 -117.5  -264.5  -432.8
